image_width: 1280
image_height: 720
distortion_model: plumb_bob
camera_name: raspicam_v2
camera_matrix:
  rows: 3
  cols: 3
  data:
  - 1.25205575e+03
  - 0.
  - 5.01770228e+02
  - 0.
  - 1.32881294e+03
  - 3.71746642e+02
  - 0.
  - 0.
  - 1.
distortion_coefficients:
  rows: 1
  cols: 5
  data:  [  6.04408241e-02,  2.12039163e+00,  3.71581404e-03,
   -3.30357264e-02,  -1.23306280e+01,   0.00000000e+00,
    0.00000000e+00,   0.00000000e+00,   0.00000000e+00,
    0.00000000e+00,   0.00000000e+00,   0.00000000e+00,
    0.00000000e+00,   0.00000000e+00]
rectification_matrix:
  rows: 3
  cols: 3
  data: [1, 0, 0, 0, 1, 0, 0, 0, 1]
projection_matrix:
  rows: 3
  cols: 4
  data:
  - 1.25205575e+03
  - 0.
  - 5.01770228e+02
  - 0.
  - 0.
  - 1.32881294e+03
  - 3.71746642e+02
  - 0.
  - 0.
  - 0.
  - 1.
  - 0.
